debug69u2K:debugWLmOf,initialized,0,,1653185761775
debug69u2K:debugWLmOf,window_resize,0,"[1440, 741]",1653185761775
debug69u2K:debugWLmOf,focus,158968,off,1653185920743
debug69u2K:debugWLmOf,focus,8815,on,1653185929558
debug69u2K:debugWLmOf,focus,3236,off,1653185932794
debug69u2K:debugWLmOf,focus,47866,on,1653185980660
debug69u2K:debugWLmOf,focus,97299,off,1653186077959
debug69u2K:debugWLmOf,focus,11307,on,1653186089266
debug69u2K:debugWLmOf,focus,2703,off,1653186091969
debug69u2K:debugWLmOf,focus,5561,on,1653186097530
debug69u2K:debugWLmOf,focus,3071,off,1653186100601
debug69u2K:debugWLmOf,focus,5351,on,1653186105952
debug69u2K:debugWLmOf,focus,905849,off,1653187011801
debug69u2K:debugWLmOf,focus,24399,on,1653187036200
debugnGgux:debug0H3X9,initialized,0,,1653360848898
debugnGgux:debug0H3X9,window_resize,0,"[1024, 741]",1653360848898
debugnGgux:debug0H3X9,focus,5936,off,1653360854834
debugnGgux:debug0H3X9,focus,5041,on,1653360859875
debugudzdJ:debughud67,initialized,0,,1653360203106
debugudzdJ:debughud67,window_resize,1,"[1024, 741]",1653360203107
debugudzdJ:debughud67,focus,10815,off,1653360213922
debugudzdJ:debughud67,focus,44840,on,1653360258762
debugudzdJ:debughud67,focus,2152,off,1653360260914
debugudzdJ:debughud67,focus,6523,on,1653360267437
debugudzdJ:debughud67,focus,1224,off,1653360268661
debugudzdJ:debughud67,focus,3029,on,1653360271690
debugVS6ck:debugiLdLp,initialized,0,,1653245190358
debugVS6ck:debugiLdLp,window_resize,0,"[1024, 741]",1653245190358
debugVS6ck:debugiLdLp,focus,2990,off,1653245193348
debugVS6ck:debugiLdLp,focus,19729,on,1653245213077
debugVS6ck:debugiLdLp,window_resize,46211,"[1161, 741]",1653245259288
debugVS6ck:debugiLdLp,window_resize,2197,"[1363, 741]",1653245261485
debugVS6ck:debugiLdLp,focus,2766,off,1653245264251
debugVS6ck:debugiLdLp,focus,2291,on,1653245266542
debugVS6ck:debugiLdLp,focus,2749,off,1653245269291
debugVS6ck:debugiLdLp,focus,10225,on,1653245279516
debugVS6ck:debugiLdLp,focus,1484,off,1653245281000
debugVS6ck:debugiLdLp,focus,2234,on,1653245283234
debugVS6ck:debugiLdLp,focus,65287,off,1653245348521
debugVS6ck:debugiLdLp,focus,28169,on,1653245376690
debugVS6ck:debugiLdLp,focus,21681,off,1653245398371
debugVS6ck:debugiLdLp,focus,42682,on,1653245441053
debugVS6ck:debugiLdLp,focus,80418,off,1653245521471
debugVS6ck:debugiLdLp,focus,21298,on,1653245542769
debugbYOkh:debug4uhvV,initialized,0,,1653187488355
debugbYOkh:debug4uhvV,window_resize,0,"[1024, 741]",1653187488355
debugbYOkh:debug4uhvV,window_resize,21670,"[1439, 741]",1653187510025
debugbYOkh:debug4uhvV,focus,20210,off,1653187530235
debugbYOkh:debug4uhvV,focus,6244,on,1653187536479
debugbYOkh:debug4uhvV,focus,2401,off,1653187538880
debugbYOkh:debug4uhvV,focus,7052,on,1653187545932
debugbYOkh:debug4uhvV,focus,33982,off,1653187579914
debugbYOkh:debug4uhvV,focus,9299,on,1653187589213
debugbYOkh:debug4uhvV,focus,4383,off,1653187593596
debugbYOkh:debug4uhvV,focus,13535,on,1653187607131
debugbYOkh:debug4uhvV,focus,36849,off,1653187643980
debugbYOkh:debug4uhvV,focus,5199,on,1653187649179
debugbYOkh:debug4uhvV,focus,238247,off,1653187887426
debugbYOkh:debug4uhvV,focus,54717,on,1653187942143
debugbYOkh:debug4uhvV,focus,115699,off,1653188057842
debugbYOkh:debug4uhvV,focus,50500,on,1653188108342
debugXtCyL:debugileb9,initialized,0,,1660594891703
debugXtCyL:debugileb9,window_resize,0,"[1028, 758]",1660594891703
debugXtCyL:debugileb9,focus,9799,off,1660594901502
debugXtCyL:debugileb9,focus,32063,on,1660594933565
debugXtCyL:debugileb9,focus,5488,off,1660594939053
debugXtCyL:debugileb9,focus,1730,on,1660594940783
debugXtCyL:debugileb9,focus,14285,off,1660594955068
debugXtCyL:debugileb9,focus,44685,on,1660594999753
debugXtCyL:debugileb9,focus,16582,off,1660595016335
debugXtCyL:debugileb9,focus,13612,on,1660595029947
debugXtCyL:debugileb9,focus,2274,off,1660595032221
debugXtCyL:debugileb9,focus,114816,on,1660595147037
debugXtCyL:debugileb9,focus,3285,off,1660595150322
debugXtCyL:debugileb9,focus,26149,on,1660595176471
debug6bdO1:debugfT1tx,initialized,0,,1663855190112
debug6bdO1:debugfT1tx,window_resize,0,"[1280, 516]",1663855190112
debug6bdO1:debugfT1tx,focus,164,on,1663855190276
debug6bdO1:debugfT1tx,focus,858,off,1663855191134
debug6bdO1:debugfT1tx,focus,2051,on,1663855193185
debug6bdO1:debugfT1tx,focus,13523,off,1663855206708
debug6bdO1:debugfT1tx,focus,301,on,1663855207009
debug6bdO1:debugfT1tx,focus,7928,off,1663855214937
debug6bdO1:debugfT1tx,focus,4615,on,1663855219552
debug6bdO1:debugfT1tx,focus,62223,off,1663855281775
debug6bdO1:debugfT1tx,focus,6014,on,1663855287789
debug1Z5OE:debugBgTQb,initialized,0,,1663806721696
debug1Z5OE:debugBgTQb,window_resize,0,"[1028, 758]",1663806721696
debugsCGbL:debugg1D7d,initialized,0,,1663855586286
debugsCGbL:debugg1D7d,window_resize,0,"[1028, 750]",1663855586286
debugsCGbL:debugg1D7d,window_resize,18081,"[1536, 764]",1663855604367
debugz7EWx:debugo3OnR,initialized,0,,1663854846194
debugz7EWx:debugo3OnR,window_resize,0,"[1440, 821]",1663854846194
debugz7EWx:debugo3OnR,window_resize,7523,"[1440, 769]",1663854853717
debugz7EWx:debugo3OnR,window_resize,9256,"[820, 504]",1663854862973
debugz7EWx:debugo3OnR,window_resize,1150,"[1440, 821]",1663854864123
debugz7EWx:debugo3OnR,window_resize,1131,"[1440, 769]",1663854865254
debugz7EWx:debugo3OnR,window_resize,21420,"[1440, 821]",1663854886674
debugz7EWx:debugo3OnR,focus,3125,off,1663854889799
debugz7EWx:debugo3OnR,focus,2555,on,1663854892354
debuguX4xu:debugEhj5p,initialized,0,,1653245884062
debuguX4xu:debugEhj5p,window_resize,0,"[1274, 741]",1653245884062
debuguX4xu:debugEhj5p,focus,3890,off,1653245887952
debuguX4xu:debugEhj5p,focus,9164,on,1653245897116
debuguX4xu:debugEhj5p,focus,6003,off,1653245903119
debuguX4xu:debugEhj5p,focus,2972,on,1653245906091
debuguX4xu:debugEhj5p,focus,98488,off,1653246004579
debuguX4xu:debugEhj5p,focus,9617,on,1653246014196
debuguX4xu:debugEhj5p,focus,10880,off,1653246025076
debuguX4xu:debugEhj5p,focus,10045,on,1653246035121
debuguX4xu:debugEhj5p,focus,26934,off,1653246062055
debuguX4xu:debugEhj5p,focus,2817,on,1653246064872
debuguX4xu:debugEhj5p,focus,1205,off,1653246066077
debuguX4xu:debugEhj5p,focus,19691,on,1653246085768
debuguX4xu:debugEhj5p,focus,34103,off,1653246119871
debuguX4xu:debugEhj5p,focus,40655,on,1653246160526
debuguX4xu:debugEhj5p,focus,191196,off,1653246351722
debuguX4xu:debugEhj5p,focus,21450,on,1653246373172
debugl6F1E:debug7o1D0,initialized,0,,1653359578755
debugl6F1E:debug7o1D0,window_resize,0,"[1024, 741]",1653359578755
debugl6F1E:debug7o1D0,focus,4657,off,1653359583412
debugl6F1E:debug7o1D0,focus,9443,on,1653359592855
debugl6F1E:debug7o1D0,window_resize,1913,"[1440, 741]",1653359594768
debugkgYIt:debug3bq2V,initialized,0,,1653246491463
debugkgYIt:debug3bq2V,window_resize,0,"[1024, 741]",1653246491463
debugkgYIt:debug3bq2V,focus,3681,off,1653246495144
debugkgYIt:debug3bq2V,focus,8725,on,1653246503869
debugkgYIt:debug3bq2V,focus,2038,off,1653246505907
debugkgYIt:debug3bq2V,focus,2449,on,1653246508356
debugkgYIt:debug3bq2V,window_resize,29677,"[1177, 741]",1653246538033
debugkgYIt:debug3bq2V,focus,973,off,1653246539006
debugkgYIt:debug3bq2V,focus,13384,on,1653246552390
debugkgYIt:debug3bq2V,focus,2563,off,1653246554953
debugkgYIt:debug3bq2V,focus,21453,on,1653246576406
debugkgYIt:debug3bq2V,focus,270732,off,1653246847138
debugkgYIt:debug3bq2V,focus,23711,on,1653246870849
debug6bNEb:debugg1QTG,initialized,0,,1663854859363
debug6bNEb:debugg1QTG,window_resize,0,"[1024, 767]",1663854859363
debug6bNEb:debugg1QTG,window_resize,10479,"[1920, 1024]",1663854869842
debug6bNEb:debugg1QTG,focus,145513,off,1663855015355
debug6bNEb:debugg1QTG,focus,20918,on,1663855036273
debugJW4CB:debugRrcpx,initialized,0,,1663858023767
debugJW4CB:debugRrcpx,window_resize,0,"[1024, 748]",1663858023767
debugJW4CB:debugRrcpx,focus,15258,off,1663858039025
debugJW4CB:debugRrcpx,focus,13455,on,1663858052480
debugUat2g:debugfkZnx,initialized,0,,1653361549208
debugUat2g:debugfkZnx,window_resize,0,"[1024, 741]",1653361549208
debugUat2g:debugfkZnx,focus,3101,off,1653361552309
debugUat2g:debugfkZnx,focus,4427,on,1653361556736
debug0DzL1:debugV5N7C,initialized,0,,1656003985636
debug0DzL1:debugV5N7C,window_resize,0,"[1028, 758]",1656003985636
debug0DzL1:debugV5N7C,focus,2928,off,1656003988564
debug0DzL1:debugV5N7C,focus,3673,on,1656003992237
debugIQszO:debugFfp1r,initialized,0,,1663855096800
debugIQszO:debugFfp1r,window_resize,0,"[1024, 767]",1663855096800
debugIQszO:debugFfp1r,window_resize,23377,"[1920, 988]",1663855120177
debug2n2wu:debugqO5ca,initialized,0,,1663854844483
debug2n2wu:debugqO5ca,window_resize,0,"[1024, 649]",1663854844483
debug2n2wu:debugqO5ca,window_resize,61711,"[1366, 657]",1663854906194
debugfqXCQ:debugPOCk7,initialized,0,,1663860066877
debugfqXCQ:debugPOCk7,window_resize,0,"[1024, 767]",1663860066877
debugfqXCQ:debugPOCk7,focus,13719,off,1663860080596
debugfqXCQ:debugPOCk7,focus,4470,on,1663860085066
debugdEP8N:debugJYwmj,initialized,0,,1663855526517
debugdEP8N:debugJYwmj,window_resize,0,"[1920, 980]",1663855526517
debugdEP8N:debugJYwmj,focus,14996,off,1663855541513
debugdEP8N:debugJYwmj,focus,3261,on,1663855544774
debugdEP8N:debugJYwmj,focus,5756,off,1663855550530
debugdEP8N:debugJYwmj,focus,12110,on,1663855562640
debugdEP8N:debugJYwmj,focus,645399,off,1663856208039
debugdEP8N:debugJYwmj,focus,16161,on,1663856224200
debugdEP8N:debugJYwmj,focus,107975,off,1663856332175
debugdEP8N:debugJYwmj,focus,9167,on,1663856341342
debug9ieXj:debugesfpE,initialized,0,,1663854919990
debug9ieXj:debugesfpE,window_resize,0,"[1032, 786]",1663854919990
debuglbvhn:debuglEHNW,initialized,0,,1663860171019
debuglbvhn:debuglEHNW,window_resize,0,"[1024, 767]",1663860171019
debuglbvhn:debuglEHNW,window_resize,26983,"[1920, 988]",1663860198002
debugxEKR6:debug0uXgI,initialized,0,,1663854919470
debugxEKR6:debug0uXgI,window_resize,0,"[1028, 758]",1663854919470
debugp7sPG:debugGR8Vz,initialized,0,,1663855077864
debugp7sPG:debugGR8Vz,window_resize,0,"[1024, 767]",1663855077864
debugp7sPG:debugGR8Vz,window_resize,10007,"[1920, 988]",1663855087871
debugp7sPG:debugGR8Vz,focus,73619,off,1663855161490
debugp7sPG:debugGR8Vz,focus,14583,on,1663855176073
debugp7sPG:debugGR8Vz,focus,408991,off,1663855585064
debugp7sPG:debugGR8Vz,focus,4871,on,1663855589935
