debugn9hzJ:debugUBnTj,initialized,0,,1656004274209
debugn9hzJ:debugUBnTj,window_resize,1,"[1028, 758]",1656004274210
debugn9hzJ:debugUBnTj,focus,1646,off,1656004275856
debugn9hzJ:debugUBnTj,focus,4119,on,1656004279975
debugOnuU5:debugZSftX,initialized,0,,1653188732309
debugOnuU5:debugZSftX,window_resize,0,"[1440, 821]",1653188732309
debugOnuU5:debugZSftX,focus,7772,off,1653188740081
debugOnuU5:debugZSftX,window_resize,241,"[885, 821]",1653188740322
debugOnuU5:debugZSftX,focus,10758,on,1653188751080
debugOnuU5:debugZSftX,window_resize,216,"[1440, 821]",1653188751296
debugOnuU5:debugZSftX,focus,10027,off,1653188761323
debugOnuU5:debugZSftX,focus,3383,on,1653188764706
debugOnuU5:debugZSftX,window_resize,4968,"[1440, 777]",1653188769674
debugOnuU5:debugZSftX,window_resize,770,"[1440, 821]",1653188770444
debugOnuU5:debugZSftX,focus,94623,off,1653188865067
debugOnuU5:debugZSftX,focus,1547,on,1653188866614
debugOnuU5:debugZSftX,focus,1084,off,1653188867698
debugOnuU5:debugZSftX,focus,16033,on,1653188883731
debugOnuU5:debugZSftX,focus,5448,off,1653188889179
debugOnuU5:debugZSftX,window_resize,244,"[885, 821]",1653188889423
debugOnuU5:debugZSftX,focus,4594,on,1653188894017
debugOnuU5:debugZSftX,window_resize,207,"[1440, 821]",1653188894224
debugOnuU5:debugZSftX,focus,1178,off,1653188895402
debugOnuU5:debugZSftX,focus,23742,on,1653188919144
debugOnuU5:debugZSftX,window_resize,374226,"[1440, 777]",1653189293370
debugOnuU5:debugZSftX,window_resize,957,"[1440, 821]",1653189294327
debugOnuU5:debugZSftX,window_resize,938047,"[1440, 777]",1653190232374
debugOnuU5:debugZSftX,window_resize,1091,"[1440, 821]",1653190233465
debugOnuU5:debugZSftX,window_resize,256267,"[1200, 683]",1653190489732
debugOnuU5:debugZSftX,window_resize,2483,"[1440, 821]",1653190492215
debugOnuU5:debugZSftX,focus,189329,off,1653190681544
debugOnuU5:debugZSftX,focus,1654,on,1653190683198
debugOnuU5:debugZSftX,focus,2081,off,1653190685279
debugOnuU5:debugZSftX,focus,6336,on,1653190691615
debugOnuU5:debugZSftX,focus,394722,off,1653191086337
debugOnuU5:debugZSftX,focus,5755,on,1653191092092
debugOnuU5:debugZSftX,focus,631,off,1653191092723
debugOnuU5:debugZSftX,focus,153085,on,1653191245808
debug0aDAS:debugmALxo,initialized,0,,1653186663223
debug0aDAS:debugmALxo,window_resize,0,"[1440, 821]",1653186663223
debug0aDAS:debugmALxo,focus,3655,off,1653186666878
debug0aDAS:debugmALxo,window_resize,244,"[885, 821]",1653186667122
debug0aDAS:debugmALxo,focus,3478,on,1653186670600
debug0aDAS:debugmALxo,window_resize,214,"[1440, 821]",1653186670814
debug0aDAS:debugmALxo,window_resize,198527,"[1440, 777]",1653186869341
debug0aDAS:debugmALxo,window_resize,1751,"[1440, 821]",1653186871092
debug0aDAS:debugmALxo,focus,800160,off,1653187671252
debug0aDAS:debugmALxo,window_resize,252,"[885, 821]",1653187671504
debug0aDAS:debugmALxo,focus,5570,on,1653187677074
debug0aDAS:debugmALxo,focus,1332,off,1653187678406
debug0aDAS:debugmALxo,focus,14,on,1653187678420
debug0aDAS:debugmALxo,window_resize,221,"[1440, 821]",1653187678641
debug0aDAS:debugmALxo,focus,1183,off,1653187679824
debug0aDAS:debugmALxo,focus,8252,on,1653187688076
debugGbOgh:debuglilEn,initialized,0,,1653191517060
debugGbOgh:debuglilEn,window_resize,0,"[1440, 821]",1653191517060
debugGbOgh:debuglilEn,focus,3724,off,1653191520784
debugGbOgh:debuglilEn,window_resize,242,"[885, 821]",1653191521026
debugGbOgh:debuglilEn,focus,2985,on,1653191524011
debugGbOgh:debuglilEn,focus,1939,off,1653191525950
debugGbOgh:debuglilEn,focus,12,on,1653191525962
debugGbOgh:debuglilEn,window_resize,221,"[1440, 821]",1653191526183
debugGbOgh:debuglilEn,focus,141414,off,1653191667597
debugGbOgh:debuglilEn,focus,44868,on,1653191712465
debugGbOgh:debuglilEn,focus,1929,off,1653191714394
debugGbOgh:debuglilEn,focus,42598,on,1653191756992
debugGbOgh:debuglilEn,focus,5112,off,1653191762104
debugGbOgh:debuglilEn,focus,51277,on,1653191813381
debugGbOgh:debuglilEn,focus,199437,off,1653192012818
debugGbOgh:debuglilEn,window_resize,246,"[885, 821]",1653192013064
debugGbOgh:debuglilEn,focus,5137,on,1653192018201
debugGbOgh:debuglilEn,window_resize,205,"[1440, 821]",1653192018406
debugGbOgh:debuglilEn,focus,488943,off,1653192507349
debugGbOgh:debuglilEn,window_resize,251,"[885, 821]",1653192507600
debugGbOgh:debuglilEn,focus,4584,on,1653192512184
debugGbOgh:debuglilEn,focus,1499,off,1653192513683
debugGbOgh:debuglilEn,focus,13,on,1653192513696
debugGbOgh:debuglilEn,window_resize,208,"[1440, 821]",1653192513904
debugGbOgh:debuglilEn,window_resize,21590,"[1440, 777]",1653192535494
debugGbOgh:debuglilEn,window_resize,2258,"[1440, 821]",1653192537752
debugyJ0Bt:debugJ6WE2,initialized,0,,1656004145421
debugyJ0Bt:debugJ6WE2,window_resize,0,"[1028, 758]",1656004145421
debugRuXmz:debugtmM2Y,initialized,0,,1656004203715
debugRuXmz:debugtmM2Y,window_resize,1,"[1028, 758]",1656004203716
debugRuXmz:debugtmM2Y,focus,2880,off,1656004206596
debugRuXmz:debugtmM2Y,focus,3580,on,1656004210176
debug2aGBd:debugdKc1r,initialized,0,,1656004245475
debug2aGBd:debugdKc1r,window_resize,1,"[1028, 758]",1656004245476
debugkhLoR:debugTWIXk,initialized,0,,1663854922434
debugkhLoR:debugTWIXk,window_resize,0,"[1032, 694]",1663854922434
debugkhLoR:debugTWIXk,window_resize,10376,"[1280, 708]",1663854932810
debugnhL1x:debugi4t5E,initialized,0,,1663809251718
debugnhL1x:debugi4t5E,window_resize,1,"[1028, 758]",1663809251719
debugnhL1x:debugi4t5E,focus,855626,off,1663810107345
debugnhL1x:debugi4t5E,focus,352735,on,1663810460080
debugnhL1x:debugi4t5E,focus,48302,off,1663810508382
debugnhL1x:debugi4t5E,focus,14206,on,1663810522588
debugnhL1x:debugi4t5E,focus,40703,off,1663810563291
debugnhL1x:debugi4t5E,focus,1585982,on,1663812149273
debugnhL1x:debugi4t5E,focus,376965,off,1663812526238
debugnhL1x:debugi4t5E,focus,486942,on,1663813013180
debug6nOTf:debugeLdNz,initialized,0,,1663855159518
debug6nOTf:debugeLdNz,window_resize,0,"[1300, 669]",1663855159518
debuggc6iY:debugRTeDw,initialized,0,,1663855216163
debuggc6iY:debugRTeDw,window_resize,0,"[1024, 700]",1663855216163
debuggc6iY:debugRTeDw,window_resize,46019,"[1366, 714]",1663855262182
debugt8J7A:debugdMsHz,initialized,0,,1663855059918
debugt8J7A:debugdMsHz,window_resize,1,"[1024, 749]",1663855059919
debugt8J7A:debugdMsHz,focus,17791,off,1663855077710
debugt8J7A:debugdMsHz,focus,3953,on,1663855081663
debugt8J7A:debugdMsHz,window_resize,35707,"[1440, 749]",1663855117370
debugf2pGV:debugzvqL3,initialized,0,,1663854610217
debugf2pGV:debugzvqL3,window_resize,1,"[1024, 767]",1663854610218
debugf2pGV:debugzvqL3,window_resize,68371,"[1680, 1021]",1663854678589
debugf2pGV:debugzvqL3,window_resize,58985,"[1024, 767]",1663854737574
debugf2pGV:debugzvqL3,focus,1688,off,1663854739262
debugf2pGV:debugzvqL3,focus,4835,on,1663854744097
debugf2pGV:debugzvqL3,window_resize,2428,"[1680, 1021]",1663854746525
