debugwkDIO:debugwwdu9,initialized,0,,1653090559300
debugwkDIO:debugwwdu9,window_resize,1,"[1024, 767]",1653090559301
debugwkDIO:debugwwdu9,window_resize,14168,"[1440, 871]",1653090573469
debugwkDIO:debugwwdu9,focus,3376,off,1653090576845
debugwkDIO:debugwwdu9,focus,21210,on,1653090598055
debugwkDIO:debugwwdu9,focus,28146,off,1653090626201
debugwkDIO:debugwwdu9,focus,14216,on,1653090640417
debugvCFzo:debugYmblS,initialized,0,,1663855083321
debugvCFzo:debugYmblS,window_resize,0,"[1024, 746]",1663855083321
debugvCFzo:debugYmblS,focus,497,on,1663855083818
debugvCFzo:debugYmblS,focus,36182,off,1663855120000
debugvCFzo:debugYmblS,focus,1041,on,1663855121041
debugPNq6U:debugWGaha,initialized,0,,1652716495441
debugPNq6U:debugWGaha,window_resize,0,"[1024, 767]",1652716495441
debugPNq6U:debugWGaha,window_resize,5716,"[1440, 433]",1652716501157
debugPNq6U:debugWGaha,window_resize,32792,"[1440, 871]",1652716533949
debugPNq6U:debugWGaha,focus,7390,off,1652716541339
debugPNq6U:debugWGaha,focus,16297,on,1652716557636
debugPNq6U:debugWGaha,focus,4324,off,1652716561960
debugPNq6U:debugWGaha,focus,24998,on,1652716586958
debugPNq6U:debugWGaha,focus,36711,off,1652716623669
debugPNq6U:debugWGaha,focus,35756,on,1652716659425
debugPNq6U:debugWGaha,focus,38765,off,1652716698190
debugPNq6U:debugWGaha,focus,6879,on,1652716705069
debugPNq6U:debugWGaha,focus,22093,off,1652716727162
debugPNq6U:debugWGaha,focus,28014,on,1652716755176
debugPNq6U:debugWGaha,focus,71225,off,1652716826401
debugPNq6U:debugWGaha,focus,46633,on,1652716873034
debugPNq6U:debugWGaha,focus,12275,off,1652716885309
debugPNq6U:debugWGaha,focus,4335,on,1652716889644
debugPNq6U:debugWGaha,focus,7295,off,1652716896939
debugPNq6U:debugWGaha,focus,8039,on,1652716904978
debugzrQNI:debugtmwR1,initialized,0,,1663855193693
debugzrQNI:debugtmwR1,window_resize,0,"[1024, 700]",1663855193693
debugzrQNI:debugtmwR1,focus,14321,off,1663855208014
debugzrQNI:debugtmwR1,focus,14331,on,1663855222345
debugzrQNI:debugtmwR1,window_resize,11649,"[1366, 714]",1663855233994
debugzrQNI:debugtmwR1,focus,7756,off,1663855241750
debugzrQNI:debugtmwR1,focus,5231,on,1663855246981
debugzrQNI:debugtmwR1,focus,825504,off,1663856072485
debugzrQNI:debugtmwR1,focus,11551,on,1663856084036
debugFXZHk:debugkHtOy,initialized,0,,1663856532033
debugFXZHk:debugkHtOy,window_resize,0,"[1366, 676]",1663856532033
debugFXZHk:debugkHtOy,window_resize,48256,"[1366, 768]",1663856580289
debugFXZHk:debugkHtOy,window_resize,9678,"[1366, 676]",1663856589967
debugFXZHk:debugkHtOy,focus,2029,off,1663856591996
debugFXZHk:debugkHtOy,focus,7233,on,1663856599229
debugFXZHk:debugkHtOy,focus,933720,off,1663857532949
debugFXZHk:debugkHtOy,focus,137,on,1663857533086
debugFXZHk:debugkHtOy,focus,553576,off,1663858086662
debugFXZHk:debugkHtOy,focus,2160,on,1663858088822
debugFXZHk:debugkHtOy,focus,511041,off,1663858599863
debugFXZHk:debugkHtOy,focus,1695,on,1663858601558
debugKeV75:debugTS8II,initialized,0,,1652719784764
debugKeV75:debugTS8II,window_resize,0,"[1024, 767]",1652719784764
debugKeV75:debugTS8II,focus,17562,off,1652719802326
debugKeV75:debugTS8II,focus,6516,on,1652719808842
debugKeV75:debugTS8II,window_resize,29724,"[1440, 871]",1652719838566
debugKeV75:debugTS8II,focus,131088,off,1652719969654
debugKeV75:debugTS8II,focus,5388,on,1652719975042
debugKeV75:debugTS8II,window_resize,278820,"[714, 871]",1652720253862
debugKeV75:debugTS8II,focus,4131,off,1652720257993
debugKeV75:debugTS8II,focus,4090,on,1652720262083
debugKeV75:debugTS8II,window_resize,277,"[1440, 871]",1652720262360
debugnJ4cf:debugwwnPJ,initialized,0,,1653085621483
debugnJ4cf:debugwwnPJ,window_resize,1,"[1024, 767]",1653085621484
debugnJ4cf:debugwwnPJ,focus,21282,off,1653085642766
debugnJ4cf:debugwwnPJ,window_resize,972,"[1440, 871]",1653085643738
debugnJ4cf:debugwwnPJ,focus,1689,on,1653085645427
debugnJ4cf:debugwwnPJ,focus,257805,off,1653085903232
debugnJ4cf:debugwwnPJ,focus,17898,on,1653085921130
debugnJ4cf:debugwwnPJ,focus,295520,off,1653086216650
debugnJ4cf:debugwwnPJ,focus,12933,on,1653086229583
debugnJ4cf:debugwwnPJ,focus,1251693,off,1653087481276
debugnJ4cf:debugwwnPJ,focus,7578,on,1653087488854
debugnJ4cf:debugwwnPJ,focus,295517,off,1653087784371
debugnJ4cf:debugwwnPJ,focus,6377,on,1653087790748
debugJxxED:debugnYBk4,initialized,0,,1663795357763
debugJxxED:debugnYBk4,window_resize,1,"[1028, 758]",1663795357764
debugJxxED:debugnYBk4,focus,15524,off,1663795373288
debugJxxED:debugnYBk4,focus,236486,on,1663795609774
debugJxxED:debugnYBk4,focus,3015,off,1663795612789
debugJxxED:debugnYBk4,focus,1973221,on,1663797586010
debugJxxED:debugnYBk4,focus,9507,off,1663797595517
debugJxxED:debugnYBk4,focus,120424,on,1663797715941
debugJxxED:debugnYBk4,focus,6476,off,1663797722417
debugJxxED:debugnYBk4,focus,476333,on,1663798198750
debugJxxED:debugnYBk4,focus,2985,off,1663798201735
debugJxxED:debugnYBk4,focus,1206352,on,1663799408087
debugJxxED:debugnYBk4,focus,8740,off,1663799416827
debugJxxED:debugnYBk4,focus,1329773,on,1663800746600
debugJxxED:debugnYBk4,focus,1204645,off,1663801951245
debugJxxED:debugnYBk4,focus,3160179,on,1663805111424
debugJxxED:debugnYBk4,window_resize,789326,"[1536, 772]",1663805900750
debuglmPq2:debugnDyVQ,initialized,0,,1663855123633
debuglmPq2:debugnDyVQ,window_resize,0,"[1032, 614]",1663855123633
debuglmPq2:debugnDyVQ,window_resize,19392,"[1280, 628]",1663855143025
debuglmPq2:debugnDyVQ,focus,30348,off,1663855173373
debuglmPq2:debugnDyVQ,focus,12517,on,1663855185890
debugvWJ7C:debugkMiTm,initialized,0,,1663855606351
debugvWJ7C:debugkMiTm,window_resize,0,"[1024, 620]",1663855606351
debugvWJ7C:debugkMiTm,window_resize,209598,"[1280, 720]",1663855815949
debugkrs9v:debugCpMbx,initialized,0,,1653175157005
debugkrs9v:debugCpMbx,window_resize,0,"[1024, 767]",1653175157005
debugkrs9v:debugCpMbx,focus,3739,off,1653175160744
debugkrs9v:debugCpMbx,focus,12492,on,1653175173236
debugkrs9v:debugCpMbx,focus,1313,off,1653175174549
debugkrs9v:debugCpMbx,focus,9615,on,1653175184164
debugkrs9v:debugCpMbx,focus,1615,off,1653175185779
debugkrs9v:debugCpMbx,focus,11745,on,1653175197524
debugkrs9v:debugCpMbx,window_resize,4750,"[1440, 871]",1653175202274
debug89UI3:debugTPkwB,initialized,0,,1653088371533
debug89UI3:debugTPkwB,window_resize,0,"[1024, 767]",1653088371533
debug89UI3:debugTPkwB,window_resize,10338,"[1440, 871]",1653088381871
debug89UI3:debugTPkwB,focus,5135,off,1653088387006
debug89UI3:debugTPkwB,focus,7225,on,1653088394231
debug89UI3:debugTPkwB,focus,66951,off,1653088461182
debug89UI3:debugTPkwB,focus,3092,on,1653088464274
debug89UI3:debugTPkwB,focus,4041,off,1653088468315
debug89UI3:debugTPkwB,focus,4198,on,1653088472513
debug89UI3:debugTPkwB,focus,8285,off,1653088480798
debug89UI3:debugTPkwB,window_resize,772,"[1440, 871]",1653088481570
debug89UI3:debugTPkwB,focus,822,on,1653088482392
debugRMROm:debugu4fzH,initialized,0,,1653176693404
debugRMROm:debugu4fzH,window_resize,0,"[1024, 767]",1653176693404
debugRMROm:debugu4fzH,focus,4232,off,1653176697636
debugRMROm:debugu4fzH,focus,14960,on,1653176712596
debugRMROm:debugu4fzH,focus,2286,off,1653176714882
debugRMROm:debugu4fzH,focus,3382,on,1653176718264
debugRMROm:debugu4fzH,window_resize,1515,"[1440, 871]",1653176719779
debugRMROm:debugu4fzH,focus,12552,off,1653176732331
debugRMROm:debugu4fzH,focus,11799,on,1653176744130
debug0cSIh:debugqbVmd,initialized,0,,1663855147667
debug0cSIh:debugqbVmd,window_resize,0,"[1024, 718]",1663855147667
debug0cSIh:debugqbVmd,window_resize,43388,"[1280, 800]",1663855191055
debugHDI7p:debugalE7R,initialized,0,,1663855607373
debugHDI7p:debugalE7R,window_resize,0,"[1024, 767]",1663855607373
debugHDI7p:debugalE7R,focus,388219,off,1663855995592
debugHDI7p:debugalE7R,focus,11821,on,1663856007413
debugHDI7p:debugalE7R,focus,255290,off,1663856262703
debugHDI7p:debugalE7R,focus,66508,on,1663856329211
debugUcXJv:debugeNNWt,initialized,0,,1663855488242
debugUcXJv:debugeNNWt,window_resize,0,"[1920, 950]",1663855488242
debugUcXJv:debugeNNWt,focus,267,on,1663855488509
debug9IOYy:debugC6Mne,initialized,0,,1653839835975
debug9IOYy:debugC6Mne,window_resize,0,"[1024, 767]",1653839835975
debug9IOYy:debugC6Mne,focus,52289,off,1653839888264
debug9IOYy:debugC6Mne,focus,75873,on,1653839964137
debug9IOYy:debugC6Mne,focus,10509,off,1653839974646
debug9IOYy:debugC6Mne,focus,4678,on,1653839979324
debug9IOYy:debugC6Mne,window_resize,32766,"[1440, 871]",1653840012090
debug9IOYy:debugC6Mne,focus,96211,off,1653840108301
debug9IOYy:debugC6Mne,focus,5902,on,1653840114203
debug9IOYy:debugC6Mne,focus,988,off,1653840115191
debug9IOYy:debugC6Mne,focus,32233,on,1653840147424
debugzDOBg:debug2GXbi,initialized,0,,1663855324723
debugzDOBg:debug2GXbi,window_resize,0,"[1028, 756]",1663855324723
debugzDOBg:debug2GXbi,window_resize,35812,"[1536, 770]",1663855360535
debugzDOBg:debug2GXbi,focus,137317,off,1663855497852
debugzDOBg:debug2GXbi,focus,4764,on,1663855502616
debugzDOBg:debug2GXbi,focus,187412,off,1663855690028
debugzDOBg:debug2GXbi,focus,3091,on,1663855693119
debugzDOBg:debug2GXbi,focus,241819,off,1663855934938
debugzDOBg:debug2GXbi,focus,17662,on,1663855952600
debugzDOBg:debug2GXbi,focus,8483,off,1663855961083
debugzDOBg:debug2GXbi,focus,29402,on,1663855990485
debugDKWuk:debugYlod5,initialized,0,,1663855173233
debugDKWuk:debugYlod5,window_resize,0,"[1028, 756]",1663855173233
debugDKWuk:debugYlod5,focus,27131,off,1663855200364
debugDKWuk:debugYlod5,focus,13246,on,1663855213610
debugDKWuk:debugYlod5,window_resize,1901,"[1536, 770]",1663855215511
debugDKWuk:debugYlod5,focus,198606,off,1663855414117
debugDKWuk:debugYlod5,focus,132,on,1663855414249
debugDKWuk:debugYlod5,focus,2544,off,1663855416793
debugDKWuk:debugYlod5,focus,49453,on,1663855466246
debugDKWuk:debugYlod5,focus,410556,off,1663855876802
debugDKWuk:debugYlod5,focus,4963,on,1663855881765
debugDKWuk:debugYlod5,focus,108682,off,1663855990447
debugDKWuk:debugYlod5,focus,32294,on,1663856022741
debugDKWuk:debugYlod5,focus,118523,off,1663856141264
debugDKWuk:debugYlod5,focus,42887,on,1663856184151
debuga88sx:debugKlFSY,initialized,0,,1663855754176
debuga88sx:debugKlFSY,window_resize,0,"[1024, 700]",1663855754176
debuga88sx:debugKlFSY,window_resize,46894,"[1366, 714]",1663855801070
debuga88sx:debugKlFSY,window_resize,8676,"[1024, 700]",1663855809746
debuga88sx:debugKlFSY,focus,4945,off,1663855814691
debuga88sx:debugKlFSY,focus,14832,on,1663855829523
debuga88sx:debugKlFSY,focus,10112,off,1663855839635
debuga88sx:debugKlFSY,window_resize,1618,"[1024, 720]",1663855841253
debuga88sx:debugKlFSY,window_resize,1161,"[1024, 707]",1663855842414
debuga88sx:debugKlFSY,focus,3139,on,1663855845553
debuga88sx:debugKlFSY,focus,1261395,off,1663857106948
debuga88sx:debugKlFSY,focus,7077,on,1663857114025
debuga88sx:debugKlFSY,focus,190826,off,1663857304851
debuga88sx:debugKlFSY,focus,7019,on,1663857311870
debugTGCwi:debugp8i8i,initialized,0,,1653841118060
debugTGCwi:debugp8i8i,window_resize,0,"[1024, 767]",1653841118060
debugTGCwi:debugp8i8i,focus,12983,off,1653841131043
debugTGCwi:debugp8i8i,focus,103727,on,1653841234770
debugTGCwi:debugp8i8i,window_resize,1102,"[1440, 871]",1653841235872
debugTGCwi:debugp8i8i,focus,22401,off,1653841258273
debugTGCwi:debugp8i8i,focus,6898,on,1653841265171
debugrV97C:debugZRDsW,initialized,0,,1653844229052
debugrV97C:debugZRDsW,window_resize,1,"[1024, 767]",1653844229053
debugrV97C:debugZRDsW,focus,2377,off,1653844231430
debugrV97C:debugZRDsW,window_resize,960,"[1440, 871]",1653844232390
debugrV97C:debugZRDsW,focus,528,on,1653844232918
debugrV97C:debugZRDsW,focus,2986,off,1653844235904
debugrV97C:debugZRDsW,focus,5459,on,1653844241363
debugck2oi:debugzxs4u,initialized,0,,1653843019543
debugck2oi:debugzxs4u,window_resize,0,"[1024, 767]",1653843019543
debugck2oi:debugzxs4u,focus,3842,off,1653843023385
debugck2oi:debugzxs4u,focus,6412,on,1653843029797
debugck2oi:debugzxs4u,window_resize,4407,"[1440, 871]",1653843034204
debug0FXcI:debugN0uxM,initialized,0,,1663855297553
debug0FXcI:debugN0uxM,window_resize,0,"[1366, 668]",1663855297553
